Name,Site,Nbrs,Start
ANA-B01,1,1,1
ANA-B02,2,1,2
ARB-B01,3,0,3
BRA-B01,4,4,3
BRA-B02,5,4,7
BRA-B03,6,4,11
BRA-B04,7,3,15
BRA-B05,8,4,18
CAB-B01,9,2,22
CAB-B02,10,1,24
CHE-B01,11,2,25
CHM-B01,12,3,27
CHW-B01,13,2,30
CHW-B02,14,3,32
COA-B01,15,3,35
COA-B02,16,1,38
COA-B03,17,4,39
COA-B04,18,5,43
COA-B05,19,5,48
COA-B06,20,5,53
COA-B07,21,4,58
COA-B08,22,1,62
COA-B09,23,1,63
COA-B10,24,1,64
COA-B11,25,3,65
COA-B12,26,4,68
COA-B14,27,3,72
COA-B15,28,3,75
COA-B16,29,5,78
COA-B17,30,3,83
COA-B18,31,1,86
COA-B20,32,2,87
DAR-B01,33,2,89
DAR-B02,34,4,91
DAR-B03,35,11,95
DAR-B04,36,3,106
DAR-B05,37,7,109
DAR-B06,38,8,116
DAR-B07,39,6,124
DAR-B08,40,6,130
DAR-B09,41,4,136
DAR-B10,42,7,140
DAR-B11,43,3,147
DAR-B12,44,3,150
DAR-B13,45,3,153
DAR-B14,46,3,156
DAR-B15,47,3,159
DAR-B16,48,3,162
DAR-B17,49,4,165
DAR-B18,50,4,169
DAR-B19,51,6,173
DAR-B20,52,8,179
DAR-B21,53,9,187
DAR-B22,54,10,196
DAR-B23,55,9,206
DAR-B24,56,10,215
DAR-B25,57,10,225
DAR-B26,58,8,235
DAR-B27,59,8,243
DAR-B28,60,7,251
DAR-B29,61,5,258
DEC-P01,62,1,263
DEC-P02,63,2,264
DEC-P03,64,2,266
DEC-P04,65,1,268
DEC-P05,66,1,269
DEC-R01,67,1,270
DNO-B01,68,1,271
DOM-B01,69,3,272
DSO-B01,70,1,275
DWE-B01,71,0,276
FLH-B01,72,1,276
FLS-B01,73,2,277
FSE-B01,74,1,279
GAL-B01,75,0,280
GAL-B02,76,3,280
GAL-B03,77,2,283
GAL-B04,78,2,285
GAL-B05,79,1,287
GAL-B06,80,0,288
GAL-B07,81,1,288
GAL-B08,82,1,289
GAL-B09,83,3,290
GAL-B10,84,2,293
GAL-B11,85,1,295
GAL-B12,86,0,296
GAL-B13,87,3,296
GAL-B14,88,1,299
GAL-B15,89,1,300
GAL-B16,90,1,301
GAL-B17,91,1,302
GAL-B18,92,1,303
GAL-B19,93,1,304
GAL-B20,94,5,305
GAL-B21,95,3,310
GAL-B22,96,2,313
GAL-B23,97,4,315
GAL-B24,98,2,319
GAL-B25,99,1,321
GAL-B26,100,1,322
GAL-B27,101,1,323
GAL-B28,102,2,324
GAL-B29,103,2,326
GAL-B30,104,1,328
GAL-B31,105,1,329
GEO-B01,106,1,330
GEO-B02,107,2,331
GEO-B03,108,1,333
HAL-B01,109,1,334
HAL-B02,110,1,335
HOR-B01,111,1,336
HOR-B02,112,2,337
HOR-B03,113,1,339
HOR-B04,114,1,340
HOR-B05,115,2,341
HOR-B06,116,1,343
HOR-B07,117,1,344
HOR-B08,118,2,345
HOR-B09,119,1,347
HOR-B10,120,1,348
HOR-B11,121,1,349
HOR-B12,122,0,350
HOR-B13,123,1,350
HOR-B14,124,2,351
HOR-B15,125,1,353
IMR-B01,126,0,354
ISE-B01,127,1,354
ISW-B01,128,1,355
LDA-B01,129,2,356
LDA-B02,130,3,358
LDA-B03,131,3,361
LDA-B04,132,2,364
LIN-P01,133,2,366
LIN-P02,134,3,368
LIN-P03,135,2,371
LIN-R01,136,3,373
LIN-R02,137,3,376
LIN-R03,138,1,379
LSH-B01,139,2,380
MAN-B01,140,3,382
MAN-B02,141,2,385
MAN-B03,142,1,387
MAN-B04,143,2,388
MAY-B01,144,2,390
MAY-B02,145,1,392
MAY-B03,146,1,393
MAY-B04,147,1,394
MAY-B05,148,1,395
MAY-B06,149,1,396
MAY-B07,150,2,397
MAY-B08,151,2,399
MAY-B09,152,2,401
MAY-B10,153,2,403
MAY-B11,154,2,405
MAY-B12,155,2,407
MAY-B13,156,3,409
MAY-B14,157,4,412
MAY-B15,158,4,416
MAY-B16,159,4,420
MAY-B17,160,4,424
MAY-B18,161,2,428
MAY-B19,162,5,430
MAY-B21,163,6,435
MAY-B22,164,7,441
MAY-B23,165,7,448
MAY-B24,166,2,455
MAY-B25,167,4,457
MAY-B26,168,4,461
MAY-B27,169,7,465
MAY-B29,170,6,472
MAY-B30,171,4,478
MOR-B01,172,2,482
MOR-B02,173,2,484
MOR-B03,174,4,486
MOR-B04,175,4,490
MOR-B05,176,4,494
MOR-B06,177,6,498
MOR-B07,178,4,504
MOR-B08,179,4,508
MOR-B09,180,4,512
MOR-B10,181,6,516
MOR-B11,182,5,522
MOR-B12,183,6,527
MOR-B13,184,6,533
MOR-B14,185,7,539
MOR-B15,186,6,546
MOR-B16,187,2,552
MOR-B17,188,1,554
MOR-B18,189,7,555
MOR-B19,190,7,562
MOR-B20,191,3,569
MOR-B21,192,1,572
MOR-B22,193,3,573
MOR-B23,194,3,576
MOR-B24,195,4,579
MOR-B25,196,5,583
MOR-B26,197,3,588
MOR-B27,198,3,591
MOR-B28,199,3,594
MOR-B29,200,4,597
MOR-B30,201,3,601
MUS-B01,202,0,604
OWL-B01,203,1,604
OWL-B02,204,1,605
PIE-B01,205,10,606
PIE-B02,206,10,616
PIE-B03,207,4,626
PIE-B04,208,15,630
PIE-B05,209,13,645
PIE-B06,210,7,658
PIE-B07,211,5,665
PIE-B08,212,12,670
PIE-B09,213,14,682
PIE-B10,214,14,696
PIE-B11,215,5,710
PIE-B12,216,11,715
PIE-B13,217,8,726
PIE-B14,218,8,734
PIE-B15,219,4,742
PIE-B16,220,6,746
PIE-B17,221,7,752
PIE-B19,222,4,759
PIE-B20,223,8,763
PIE-B21,224,11,771
PIE-B23,225,11,782
PIE-B26,226,11,793
PIE-B27,227,9,804
PIE-B28,228,11,813
PIE-B29,229,11,824
PIE-B30,230,2,835
PIE-B31,231,5,837
PIE-B33,232,6,842
PIE-B34,233,7,848
PIE-B36,234,9,855
PIE-B37,235,5,864
PIE-B39,236,12,869
PIE-B40,237,11,881
PIE-B41,238,10,892
PIE-B42,239,12,902
PNO-B01,240,2,914
PNO-B02,241,0,916
PNO-B03,242,1,916
PNO-B04,243,1,917
PNO-B05,244,1,918
PNO-B06,245,0,919
PNO-B07,246,1,919
PNO-B08,247,3,920
PNO-B09,248,4,923
PNO-B10,249,4,927
PNO-B11,250,2,931
PNO-B12,251,3,933
PNO-B13,252,1,936
PNO-B14,253,1,937
PNO-B15,254,1,938
PNO-B16,255,1,939
PNO-B17,256,0,940
PNO-B18,257,1,940
PNO-B19,258,1,941
PNO-B20,259,3,942
PNO-B21,260,3,945
PNO-B22,261,3,948
PNO-B23,262,3,951
PNO-B24,263,1,954
PNO-B25,264,3,955
PNO-B26,265,2,958
PNO-B27,266,3,960
PNO-B28,267,1,963
PNO-B29,268,4,964
PNO-B30,269,4,968
PNO-B31,270,2,972
POR-B01,271,2,974
POR-B02,272,2,976
POR-B03,273,2,978
POR-B05,274,2,980
POR-B06,275,2,982
POR-B07,276,3,984
POR-B08,277,3,987
POR-B09,278,5,990
POR-B10,279,4,995
POR-B11,280,3,999
POR-B12,281,3,1002
POR-B13,282,2,1005
POR-B14,283,2,1007
POR-B15,284,4,1009
POR-B16,285,4,1013
POR-B17,286,5,1017
POR-B18,287,3,1022
POR-B19,288,4,1025
POR-B20,289,3,1029
POR-B21,290,1,1032
POR-B22,291,2,1033
POR-B23,292,3,1035
POR-B24,293,1,1038
POR-B25,294,1,1039
POR-B26,295,1,1040
POR-B28,296,4,1041
POR-B29,297,4,1045
POR-B30,298,3,1049
POR-B31,299,4,1052
POR-B32,300,3,1056
POR-B33,301,6,1059
PRE-B01,302,9,1065
PRE-B02,303,3,1074
PRE-B03,304,5,1077
PRE-B04,305,6,1082
PRE-B05,306,7,1088
PRE-B06,307,5,1095
PRE-B07,308,4,1100
PRE-B08,309,6,1104
PRE-B09,310,7,1110
PRE-B10,311,6,1117
PRE-B11,312,6,1123
PRE-B12,313,6,1129
PRE-B13,314,8,1135
PRE-B14,315,5,1143
PRE-B15,316,4,1148
PRE-B16,317,3,1152
PRE-B17,318,0,1155
PRE-B18,319,0,1155
PRE-B19,320,4,1155
PRE-B20,321,6,1159
PRE-B21,322,5,1165
PRE-B22,323,5,1170
PRE-B24,324,5,1175
PRE-B25,325,4,1180
PRE-B26,326,6,1184
PRE-B27,327,4,1190
PRE-B28,328,9,1194
PRE-B29,329,2,1203
PRE-B30,330,6,1205
PRE-B31,331,8,1211
PRE-B32,332,5,1219
PRE-B33,333,3,1224
PRE-B34,334,4,1227
PRE-B35,335,2,1231
PRE-B36,336,2,1233
PSO-B01,337,2,1235
PSO-B02,338,0,1237
PSO-B03,339,3,1237
PSO-B04,340,3,1240
PSO-B05,341,4,1243
PSO-B06,342,5,1247
PSO-B07,343,4,1252
PSO-B08,344,4,1256
PSO-B09,345,5,1260
PSO-B10,346,4,1265
PSO-B11,347,2,1269
PSO-B12,348,1,1271
PSO-B13,349,4,1272
PSO-B14,350,5,1276
PSO-B15,351,6,1281
PSO-B16,352,5,1287
PSO-B17,353,3,1292
PSO-B18,354,5,1295
PSO-B19,355,5,1300
REA-B01,356,0,1305
RUB-B01,357,3,1305
RUB-B02,358,3,1308
RUB-B03,359,3,1311
RUM-B01,360,1,1314
RUM-B02,361,1,1315
RUS-B01,362,3,1316
RUS-B02,363,3,1319
RUS-B03,364,3,1322
RUS-B04,365,3,1325
RUS-B06,366,1,1328
RUS-B07,367,3,1329
RUS-B08,368,4,1332
RUS-B09,369,4,1336
RUS-B10,370,4,1340
RUX-P01,371,3,1344
RUX-P02,372,3,1347
RUX-P03,373,2,1350
RUX-R01,374,3,1352
RUX-R02,375,4,1355
RUX-R03,376,1,1359
SAL-B01,377,2,1360
SAL-B02,378,2,1362
SAL-B03,379,3,1364
SAL-B04,380,2,1367
SAL-B05,381,2,1369
SAL-B06,382,2,1371
SAL-B07,383,2,1373
SAL-B08,384,2,1375
SAL-B09,385,2,1377
SAL-B10,386,3,1379
SAL-B11,387,3,1382
SAL-B12,388,4,1385
SAL-B13,389,4,1389
SAL-B14,390,3,1393
SAL-B15,391,4,1396
SAL-B16,392,2,1400
SAL-B17,393,3,1402
SAL-B18,394,2,1405
SAL-B19,395,2,1407
SAL-B20,396,3,1409
SAL-B21,397,2,1412
SAL-B22,398,1,1414
SAL-B23,399,1,1415
SAL-B24,400,2,1416
SAL-B25,401,2,1418
SAL-B26,402,2,1420
SAL-B27,403,2,1422
SAL-B28,404,1,1424
SAL-B29,405,4,1425
SAL-B30,406,3,1429
SAL-B31,407,3,1432
SAL-B32,408,3,1435
SAL-B33,409,0,1438
SAL-B34,410,1,1438
SAL-B35,411,1,1439
SAL-B36,412,2,1440
SAL-B37,413,1,1442
SAL-B38,414,2,1443
SAL-B39,415,1,1445
SAL-B40,416,0,1446
SAL-B41,417,0,1446
SAL-B42,418,3,1446
SAL-B43,419,5,1449
SAL-B44,420,5,1454
SAL-B45,421,4,1459
SAL-B46,422,4,1463
SAL-B47,423,5,1467
SAL-B48,424,2,1472
SAL-B49,425,1,1474
SAL-B50,426,1,1475
SAL-B51,427,2,1476
SAL-B52,428,1,1478
SAL-B53,429,1,1479
SAL-B54,430,1,1480
SAL-B55,431,1,1481
SAL-B56,432,1,1482
SAL-B57,433,1,1483
SAL-B58,434,1,1484
SAL-B59,435,1,1485
SAL-B60,436,1,1486
SAL-B61,437,2,1487
SAL-B62,438,2,1489
SAL-B63,439,1,1491
SAL-B64,440,2,1492
SAL-B65,441,2,1494
SAL-B66,442,2,1496
SAT-B01,443,2,1498
SAT-B02,444,3,1500
SAT-B03,445,3,1503
SAT-B04,446,2,1506
SAT-B05,447,1,1508
SAT-B06,448,1,1509
SAT-B07,449,1,1510
SAT-B08,450,4,1511
SAT-B09,451,3,1515
SAT-B10,452,4,1518
SAT-B11,453,3,1522
SAT-B12,454,2,1525
SAT-B13,455,5,1527
SAT-B14,456,2,1532
SAT-B15,457,2,1534
SAT-B16,458,2,1536
SAT-B17,459,1,1538
SAT-B18,460,1,1539
SAT-B19,461,2,1540
SAT-B20,462,3,1542
SAT-B21,463,2,1545
SAT-B22,464,1,1547
SAT-B23,465,2,1548
SAT-B24,466,0,1550
SAT-B25,467,1,1550
SAT-B26,468,1,1551
SAT-B27,469,2,1552
SAT-B28,470,2,1554
SAT-B29,471,3,1556
SAT-B30,472,2,1559
SAT-B31,473,2,1561
SAT-B32,474,2,1563
SAT-B33,475,2,1565
SAT-B34,476,3,1567
SAT-B35,477,3,1570
SAT-B36,478,4,1573
SAT-B37,479,3,1577
SAT-B38,480,2,1580
SAT-B39,481,1,1582
SAT-B40,482,2,1583
SAT-B41,483,1,1585
SHE-B01,484,4,1586
SHE-B04,485,4,1590
SHE-B05,486,5,1594
SHE-B06,487,4,1599
SHE-B07,488,3,1603
SID-B01,489,7,1606
SID-B02,490,7,1613
SID-B03,491,4,1620
SID-B04,492,3,1624
SID-B05,493,3,1627
SID-B06,494,1,1630
SID-B07,495,0,1631
SID-B08,496,1,1631
SID-B09,497,0,1632
SID-B10,498,3,1632
SID-B11,499,4,1635
SID-B12,500,3,1639
SID-B13,501,3,1642
SID-B14,502,7,1645
SID-B15,503,1,1652
SID-B16,504,4,1653
SID-B17,505,3,1657
SID-B19,506,6,1660
SID-B20,507,4,1666
SID-B21,508,4,1670
SID-B22,509,5,1674
SID-B23,510,5,1679
SID-B24,511,6,1684
SID-B26,512,6,1690
SID-B27,513,3,1696
SID-B29,514,2,1699
SID-B30,515,5,1701
SID-B31,516,5,1706
SID-B32,517,3,1711
SID-B33,518,4,1714
SID-B34,519,4,1718
SID-B35,520,2,1722
SID-B36,521,2,1724
SID-B37,522,3,1726
SID-B38,523,2,1729
SID-B39,524,2,1731
SID-B40,525,2,1733
SID-B41,526,2,1735
SID-B42,527,2,1737
SID-B43,528,1,1739
SID-B44,529,3,1740
SID-B45,530,1,1743
SID-B46,531,2,1744
SID-B47,532,3,1746
SID-B48,533,2,1749
SID-B49,534,3,1751
SID-B50,535,4,1754
SID-B51,536,4,1758
SID-B52,537,3,1762
SID-B53,538,1,1765
SID-B54,539,0,1766
SUN-B01,540,2,1766
SUN-B02,541,2,1768
SUN-B03,542,2,1770
SUN-B04,543,2,1772
SUN-B05,544,2,1774
SUN-B06,545,2,1776
SUN-B07,546,2,1778
SUN-B08,547,2,1780
SUN-B09,548,2,1782
SUN-B10,549,2,1784
SUN-B11,550,2,1786
SUN-B12,551,2,1788
SUN-B13,552,1,1790
SUN-B14,553,2,1791
SUN-B15,554,1,1793
TEN-B01,555,2,1794
TEN-B02,556,1,1796
TEN-B03,557,3,1797
TEN-B04,558,3,1800
TEN-B05,559,1,1803
TEN-B06,560,2,1804
TUM-B01,561,2,1806
TUM-B02,562,2,1808
TUM-B03,563,4,1810
TUM-B04,564,4,1814
TUM-B05,565,2,1818
TUM-B06,566,3,1820
TUM-B07,567,3,1823
TUM-B08,568,2,1826
TUM-B09,569,2,1828
TUM-B10,570,2,1830
TUM-B11,571,2,1832
TUM-B12,572,3,1834
TUM-B13,573,2,1837
TUM-B14,574,2,1839
TUM-B15,575,1,1841
TUM-B16,576,4,1842
TUM-B17,577,2,1846
TUM-B18,578,1,1848
VIC-B01,579,2,1849
VIC-B02,580,2,1851
VIC-B03,581,2,1853
VIC-B04,582,1,1855
VIC-B05,583,2,1856
VIC-B06,584,1,1858
VIC-B07,585,2,1859
VIC-B08,586,2,1861
VIC-B09,587,2,1863
VIC-B10,588,2,1865
VIC-B11,589,2,1867
VIC-B12,590,2,1869
VIC-B13,591,1,1871
VIC-B14,592,2,1872
VIC-B15,593,1,1874
VIN-B01,594,0,1875
VIN-B02,595,0,1875
VIN-B03,596,1,1875
VIN-B04,597,1,1876
VIN-B05,598,0,1877
VIN-B06,599,0,1877
VIN-B07,600,0,1877
VIN-B08,601,0,1877
VIN-B09,602,0,1877
VIN-B10,603,0,1877
VIN-B11,604,0,1877
VIN-B12,605,1,1877
VIN-B13,606,0,1878
VIN-B14,607,1,1878
VIN-B15,608,0,1879
VIN-B16,609,0,1879
VIN-B17,610,0,1879
VIN-B18,611,0,1879
VIN-B19,612,0,1879
VIN-B20,613,0,1879
VIQ-B01,614,2,1879
VIQ-B02,615,2,1881
VIQ-B03,616,2,1883
VIQ-B04,617,1,1885
VIQ-B05,618,2,1886
VIQ-B06,619,1,1888
VIQ-B07,620,2,1889
VIQ-B08,621,2,1891
VIQ-B09,622,2,1893
VIQ-B10,623,2,1895
VIQ-B11,624,2,1897
VIQ-B12,625,2,1899
VIQ-B13,626,2,1901
VIQ-B14,627,2,1903
VIQ-B15,628,2,1905
VIS-B01,629,0,1907
VIS-B02,630,0,1907
VIS-B03,631,0,1907
VIS-B04,632,0,1907
VIS-B05,633,0,1907
VIS-B06,634,5,1907
VIS-B07,635,5,1912
VIS-B08,636,3,1917
VIS-B09,637,3,1920
VIS-B10,638,3,1923
VIS-B11,639,2,1926
VIS-B12,640,3,1928
VIS-B13,641,3,1931
VIS-B14,642,3,1934
VIS-B15,643,3,1937
VIS-B16,644,4,1940
VIS-B17,645,2,1944
VIS-B18,646,2,1946
VIS-B19,647,1,1948
VIS-B20,648,2,1949
VIS-B21,649,2,1951
VIS-B22,650,6,1953
VIS-B23,651,4,1959
VIS-B24,652,4,1963
VIS-B25,653,4,1967
VIS-B26,654,3,1971
VIS-B27,655,4,1974
VIS-B28,656,3,1978
VIS-B29,657,3,1981
VIS-B30,658,6,1984
VIS-B31,659,6,1990
VIS-B32,660,2,1996
VIS-B33,661,5,1998
VIS-B34,662,5,2003
VIS-B35,663,3,2008
VIS-B36,664,3,2011
VIS-B37,665,3,2014
VIS-B38,666,2,2017
VIS-B39,667,2,2019
VIS-B40,668,0,2021
VIS-B41,669,2,2021
VIS-B42,670,1,2023
VIS-B43,671,1,2024
VIS-B44,672,0,2025
VIS-B45,673,2,2025
VIS-B46,674,1,2027
VIS-B47,675,2,2028
VIS-B48,676,2,2030
VIS-B49,677,1,2032
VIV-B01,678,1,2033
VIV-B02,679,2,2034
VIV-B03,680,1,2036
VIV-B04,681,2,2037
VIV-B05,682,1,2039
VIV-B06,683,1,2040
VIV-B07,684,2,2041
VIV-B08,685,2,2043
VIV-B09,686,2,2045
VIV-B10,687,1,2047
VIV-B11,688,2,2048
VIV-B12,689,1,2050
WAL-B01,690,1,2051
WAL-B02,691,1,2052
WAL-B03,692,0,2053
WAL-B04,693,0,2053
WAL-B05,694,2,2053
WAL-B06,695,1,2055
WAL-B07,696,1,2056
WAL-B08,697,0,2057
WAL-B09,698,0,2057
WAL-B10,699,2,2057
WAL-B11,700,3,2059
WAL-B12,701,2,2062
WAL-B13,702,4,2064
WAL-B14,703,3,2068
WAL-B15,704,2,2071
WAL-B16,705,2,2073
WAL-B17,706,2,2075
WAL-B18,707,1,2077
WAL-B19,708,2,2078
WAL-B20,709,1,2080
WAL-B21,710,2,2081
YUC-B01,711,1,2083
YUC-B02,712,2,2084
YUC-B03,713,1,2086
,,-1,
,,-1,
,,-1,
,,-1,
,,-1,
