Name,Site,Nbrs,Start
ANA-B01,1,1,1
ANA-B02,2,1,2
ARB-B01,3,0,3
BRA-B01,4,3,3
BRA-B02,5,3,6
BRA-B03,6,4,9
BRA-B04,7,2,13
BRA-B05,8,4,15
CAB-B01,9,1,19
CAB-B02,10,1,20
CHE-B01,11,1,21
CHM-B01,12,1,22
CHW-B01,13,1,23
CHW-B02,14,1,24
COA-B01,15,2,25
COA-B02,16,1,27
COA-B03,17,2,28
COA-B04,18,4,30
COA-B05,19,4,34
COA-B06,20,2,38
COA-B07,21,3,40
COA-B08,22,1,43
COA-B09,23,1,44
COA-B10,24,1,45
COA-B11,25,2,46
COA-B12,26,3,48
COA-B14,27,2,51
COA-B15,28,3,53
COA-B16,29,2,56
COA-B17,30,1,58
COA-B18,31,0,59
COA-B20,32,2,59
DAR-B01,33,1,61
DAR-B02,34,1,62
DAR-B03,35,7,63
DAR-B04,36,2,70
DAR-B05,37,4,72
DAR-B06,38,7,76
DAR-B07,39,6,83
DAR-B08,40,4,89
DAR-B09,41,3,93
DAR-B10,42,4,96
DAR-B11,43,3,100
DAR-B12,44,2,103
DAR-B13,45,3,105
DAR-B14,46,3,108
DAR-B15,47,3,111
DAR-B16,48,2,114
DAR-B17,49,2,116
DAR-B18,50,4,118
DAR-B19,51,3,122
DAR-B20,52,5,125
DAR-B21,53,7,130
DAR-B22,54,8,137
DAR-B23,55,8,145
DAR-B24,56,7,153
DAR-B25,57,5,160
DAR-B26,58,6,165
DAR-B27,59,5,171
DAR-B28,60,5,176
DAR-B29,61,4,181
DEC-P01,62,1,185
DEC-P02,63,1,186
DEC-P03,64,2,187
DEC-P04,65,1,189
DEC-P05,66,0,190
DEC-R01,67,1,190
DNO-B01,68,1,191
DOM-B01,69,3,192
DSO-B01,70,1,195
DWE-B01,71,0,196
FLH-B01,72,0,196
FLS-B01,73,1,196
FSE-B01,74,1,197
GAL-B01,75,0,198
GAL-B02,76,3,198
GAL-B03,77,2,201
GAL-B04,78,1,203
GAL-B05,79,0,204
GAL-B06,80,0,204
GAL-B07,81,0,204
GAL-B08,82,0,204
GAL-B09,83,2,204
GAL-B10,84,0,206
GAL-B11,85,0,206
GAL-B12,86,0,206
GAL-B13,87,3,206
GAL-B14,88,1,209
GAL-B15,89,1,210
GAL-B16,90,1,211
GAL-B17,91,1,212
GAL-B18,92,1,213
GAL-B19,93,1,214
GAL-B20,94,2,215
GAL-B21,95,3,217
GAL-B22,96,1,220
GAL-B23,97,2,221
GAL-B24,98,1,223
GAL-B25,99,0,224
GAL-B26,100,1,224
GAL-B27,101,1,225
GAL-B28,102,2,226
GAL-B29,103,2,228
GAL-B30,104,1,230
GAL-B31,105,1,231
GEO-B01,106,1,232
GEO-B02,107,2,233
GEO-B03,108,1,235
HAL-B01,109,1,236
HAL-B02,110,1,237
HOR-B01,111,1,238
HOR-B02,112,2,239
HOR-B03,113,1,241
HOR-B04,114,1,242
HOR-B05,115,2,243
HOR-B06,116,1,245
HOR-B07,117,1,246
HOR-B08,118,1,247
HOR-B09,119,0,248
HOR-B10,120,1,248
HOR-B11,121,1,249
HOR-B12,122,0,250
HOR-B13,123,1,250
HOR-B14,124,1,251
HOR-B15,125,0,252
IMR-B01,126,0,252
ISE-B01,127,1,252
ISW-B01,128,1,253
LDA-B01,129,1,254
LDA-B02,130,2,255
LDA-B03,131,2,257
LDA-B04,132,1,259
LIN-P01,133,1,260
LIN-P02,134,2,261
LIN-P03,135,2,263
LIN-R01,136,2,265
LIN-R02,137,2,267
LIN-R03,138,1,269
LSH-B01,139,1,270
MAN-B01,140,2,271
MAN-B02,141,1,273
MAN-B03,142,1,274
MAN-B04,143,2,275
MAY-B01,144,2,277
MAY-B02,145,1,279
MAY-B03,146,1,280
MAY-B04,147,1,281
MAY-B05,148,1,282
MAY-B06,149,1,283
MAY-B07,150,2,284
MAY-B08,151,2,286
MAY-B09,152,2,288
MAY-B10,153,2,290
MAY-B11,154,2,292
MAY-B12,155,2,294
MAY-B13,156,2,296
MAY-B14,157,4,298
MAY-B15,158,3,302
MAY-B16,159,3,305
MAY-B17,160,4,308
MAY-B18,161,1,312
MAY-B19,162,4,313
MAY-B21,163,5,317
MAY-B22,164,6,322
MAY-B23,165,5,328
MAY-B24,166,2,333
MAY-B25,167,4,335
MAY-B26,168,2,339
MAY-B27,169,6,341
MAY-B29,170,4,347
MAY-B30,171,4,351
MOR-B01,172,2,355
MOR-B02,173,2,357
MOR-B03,174,4,359
MOR-B04,175,2,363
MOR-B05,176,4,365
MOR-B06,177,5,369
MOR-B07,178,2,374
MOR-B08,179,4,376
MOR-B09,180,3,380
MOR-B10,181,4,383
MOR-B11,182,4,387
MOR-B12,183,4,391
MOR-B13,184,5,395
MOR-B14,185,6,400
MOR-B15,186,3,406
MOR-B16,187,2,409
MOR-B17,188,1,411
MOR-B18,189,5,412
MOR-B19,190,3,417
MOR-B20,191,1,420
MOR-B21,192,1,421
MOR-B22,193,2,422
MOR-B23,194,2,424
MOR-B24,195,2,426
MOR-B25,196,5,428
MOR-B26,197,2,433
MOR-B27,198,2,435
MOR-B28,199,3,437
MOR-B29,200,3,440
MOR-B30,201,2,443
MUS-B01,202,0,445
OWL-B01,203,1,445
OWL-B02,204,1,446
PIE-B01,205,7,447
PIE-B02,206,7,454
PIE-B03,207,4,461
PIE-B04,208,11,465
PIE-B05,209,10,476
PIE-B06,210,6,486
PIE-B07,211,5,492
PIE-B08,212,9,497
PIE-B09,213,11,506
PIE-B10,214,12,517
PIE-B11,215,5,529
PIE-B12,216,10,534
PIE-B13,217,6,544
PIE-B14,218,5,550
PIE-B15,219,4,555
PIE-B16,220,4,559
PIE-B17,221,6,563
PIE-B19,222,2,569
PIE-B20,223,6,571
PIE-B21,224,9,577
PIE-B23,225,9,586
PIE-B26,226,10,595
PIE-B27,227,9,605
PIE-B28,228,6,614
PIE-B29,229,5,620
PIE-B30,230,1,625
PIE-B31,231,2,626
PIE-B33,232,5,628
PIE-B34,233,6,633
PIE-B36,234,7,639
PIE-B37,235,5,646
PIE-B39,236,9,651
PIE-B40,237,9,660
PIE-B41,238,10,669
PIE-B42,239,10,679
PNO-B01,240,2,689
PNO-B02,241,0,691
PNO-B03,242,1,691
PNO-B04,243,1,692
PNO-B05,244,1,693
PNO-B06,245,0,694
PNO-B07,246,1,694
PNO-B08,247,2,695
PNO-B09,248,2,697
PNO-B10,249,3,699
PNO-B11,250,2,702
PNO-B12,251,3,704
PNO-B13,252,1,707
PNO-B14,253,1,708
PNO-B15,254,1,709
PNO-B16,255,1,710
PNO-B17,256,0,711
PNO-B18,257,1,711
PNO-B19,258,1,712
PNO-B20,259,2,713
PNO-B21,260,3,715
PNO-B22,261,3,718
PNO-B23,262,2,721
PNO-B24,263,1,723
PNO-B25,264,2,724
PNO-B26,265,2,726
PNO-B27,266,1,728
PNO-B28,267,0,729
PNO-B29,268,4,729
PNO-B30,269,2,733
PNO-B31,270,2,735
POR-B01,271,1,737
POR-B02,272,2,738
POR-B03,273,2,740
POR-B05,274,2,742
POR-B06,275,2,744
POR-B07,276,2,746
POR-B08,277,2,748
POR-B09,278,2,750
POR-B10,279,2,752
POR-B11,280,1,754
POR-B12,281,2,755
POR-B13,282,1,757
POR-B14,283,2,758
POR-B15,284,3,760
POR-B16,285,3,763
POR-B17,286,4,766
POR-B18,287,3,770
POR-B19,288,2,773
POR-B20,289,2,775
POR-B21,290,0,777
POR-B22,291,2,777
POR-B23,292,2,779
POR-B24,293,1,781
POR-B25,294,1,782
POR-B26,295,1,783
POR-B28,296,3,784
POR-B29,297,3,787
POR-B30,298,1,790
POR-B31,299,2,791
POR-B32,300,3,793
POR-B33,301,5,796
PRE-B01,302,5,801
PRE-B02,303,2,806
PRE-B03,304,3,808
PRE-B04,305,3,811
PRE-B05,306,5,814
PRE-B06,307,3,819
PRE-B07,308,3,822
PRE-B08,309,6,825
PRE-B09,310,5,831
PRE-B10,311,5,836
PRE-B11,312,4,841
PRE-B12,313,4,845
PRE-B13,314,7,849
PRE-B14,315,2,856
PRE-B15,316,3,858
PRE-B16,317,2,861
PRE-B17,318,0,863
PRE-B18,319,0,863
PRE-B19,320,3,863
PRE-B20,321,3,866
PRE-B21,322,5,869
PRE-B22,323,4,874
PRE-B24,324,4,878
PRE-B25,325,3,882
PRE-B26,326,3,885
PRE-B27,327,2,888
PRE-B28,328,6,890
PRE-B29,329,1,896
PRE-B30,330,4,897
PRE-B31,331,5,901
PRE-B32,332,3,906
PRE-B33,333,2,909
PRE-B34,334,4,911
PRE-B35,335,2,915
PRE-B36,336,2,917
PSO-B01,337,0,919
PSO-B02,338,0,919
PSO-B03,339,3,919
PSO-B04,340,2,922
PSO-B05,341,3,924
PSO-B06,342,4,927
PSO-B07,343,2,931
PSO-B08,344,4,933
PSO-B09,345,3,937
PSO-B10,346,3,940
PSO-B11,347,2,943
PSO-B12,348,1,945
PSO-B13,349,2,946
PSO-B14,350,4,948
PSO-B15,351,4,952
PSO-B16,352,5,956
PSO-B17,353,2,961
PSO-B18,354,4,963
PSO-B19,355,4,967
REA-B01,356,0,971
RUB-B01,357,3,971
RUB-B02,358,3,974
RUB-B03,359,3,977
RUM-B01,360,1,980
RUM-B02,361,1,981
RUS-B01,362,3,982
RUS-B02,363,3,985
RUS-B03,364,3,988
RUS-B04,365,3,991
RUS-B06,366,1,994
RUS-B07,367,3,995
RUS-B08,368,4,998
RUS-B09,369,4,1002
RUS-B10,370,4,1006
RUX-P01,371,2,1010
RUX-P02,372,3,1012
RUX-P03,373,1,1015
RUX-R01,374,2,1016
RUX-R02,375,1,1018
RUX-R03,376,1,1019
SAL-B01,377,2,1020
SAL-B02,378,2,1022
SAL-B03,379,2,1024
SAL-B04,380,1,1026
SAL-B05,381,1,1027
SAL-B06,382,1,1028
SAL-B07,383,1,1029
SAL-B08,384,1,1030
SAL-B09,385,2,1031
SAL-B10,386,3,1033
SAL-B11,387,2,1036
SAL-B12,388,4,1038
SAL-B13,389,2,1042
SAL-B14,390,3,1044
SAL-B15,391,2,1047
SAL-B16,392,2,1049
SAL-B17,393,2,1051
SAL-B18,394,2,1053
SAL-B19,395,2,1055
SAL-B20,396,3,1057
SAL-B21,397,2,1060
SAL-B22,398,1,1062
SAL-B23,399,1,1063
SAL-B24,400,1,1064
SAL-B25,401,2,1065
SAL-B26,402,1,1067
SAL-B27,403,1,1068
SAL-B28,404,1,1069
SAL-B29,405,2,1070
SAL-B30,406,3,1072
SAL-B31,407,2,1075
SAL-B32,408,1,1077
SAL-B33,409,0,1078
SAL-B34,410,1,1078
SAL-B35,411,1,1079
SAL-B36,412,2,1080
SAL-B37,413,1,1082
SAL-B38,414,2,1083
SAL-B39,415,1,1085
SAL-B40,416,0,1086
SAL-B41,417,0,1086
SAL-B42,418,1,1086
SAL-B43,419,5,1087
SAL-B44,420,3,1092
SAL-B45,421,3,1095
SAL-B46,422,4,1098
SAL-B47,423,2,1102
SAL-B48,424,1,1104
SAL-B49,425,1,1105
SAL-B50,426,1,1106
SAL-B51,427,1,1107
SAL-B52,428,1,1108
SAL-B53,429,1,1109
SAL-B54,430,1,1110
SAL-B55,431,1,1111
SAL-B56,432,1,1112
SAL-B57,433,1,1113
SAL-B58,434,1,1114
SAL-B59,435,1,1115
SAL-B60,436,1,1116
SAL-B61,437,1,1117
SAL-B62,438,1,1118
SAL-B63,439,1,1119
SAL-B64,440,2,1120
SAL-B65,441,2,1122
SAL-B66,442,2,1124
SAT-B01,443,2,1126
SAT-B02,444,3,1128
SAT-B03,445,3,1131
SAT-B04,446,2,1134
SAT-B05,447,0,1136
SAT-B06,448,0,1136
SAT-B07,449,1,1136
SAT-B08,450,3,1137
SAT-B09,451,3,1140
SAT-B10,452,4,1143
SAT-B11,453,3,1147
SAT-B12,454,1,1150
SAT-B13,455,3,1151
SAT-B14,456,1,1154
SAT-B15,457,2,1155
SAT-B16,458,1,1157
SAT-B17,459,1,1158
SAT-B18,460,1,1159
SAT-B19,461,2,1160
SAT-B20,462,3,1162
SAT-B21,463,2,1165
SAT-B22,464,1,1167
SAT-B23,465,2,1168
SAT-B24,466,0,1170
SAT-B25,467,1,1170
SAT-B26,468,1,1171
SAT-B27,469,1,1172
SAT-B28,470,2,1173
SAT-B29,471,2,1175
SAT-B30,472,2,1177
SAT-B31,473,2,1179
SAT-B32,474,2,1181
SAT-B33,475,1,1183
SAT-B34,476,1,1184
SAT-B35,477,3,1185
SAT-B36,478,3,1188
SAT-B37,479,3,1191
SAT-B38,480,2,1194
SAT-B39,481,1,1196
SAT-B40,482,2,1197
SAT-B41,483,1,1199
SHE-B01,484,4,1200
SHE-B04,485,4,1204
SHE-B05,486,4,1208
SHE-B06,487,4,1212
SHE-B07,488,3,1216
SID-B01,489,6,1219
SID-B02,490,6,1225
SID-B03,491,2,1231
SID-B04,492,2,1233
SID-B05,493,2,1235
SID-B06,494,1,1237
SID-B07,495,0,1238
SID-B08,496,1,1238
SID-B09,497,0,1239
SID-B10,498,3,1239
SID-B11,499,2,1242
SID-B12,500,2,1244
SID-B13,501,2,1246
SID-B14,502,6,1248
SID-B15,503,1,1254
SID-B16,504,4,1255
SID-B17,505,2,1259
SID-B19,506,5,1261
SID-B20,507,3,1266
SID-B21,508,3,1269
SID-B22,509,4,1272
SID-B23,510,4,1276
SID-B24,511,6,1280
SID-B26,512,6,1286
SID-B27,513,3,1292
SID-B29,514,1,1295
SID-B30,515,4,1296
SID-B31,516,3,1300
SID-B32,517,2,1303
SID-B33,518,2,1305
SID-B34,519,4,1307
SID-B35,520,2,1311
SID-B36,521,1,1313
SID-B37,522,2,1314
SID-B38,523,2,1316
SID-B39,524,2,1318
SID-B40,525,1,1320
SID-B41,526,2,1321
SID-B42,527,2,1323
SID-B43,528,1,1325
SID-B44,529,3,1326
SID-B45,530,1,1329
SID-B46,531,2,1330
SID-B47,532,2,1332
SID-B48,533,2,1334
SID-B49,534,2,1336
SID-B50,535,3,1338
SID-B51,536,4,1341
SID-B52,537,1,1345
SID-B53,538,1,1346
SID-B54,539,0,1347
SUN-B01,540,1,1347
SUN-B02,541,2,1348
SUN-B03,542,1,1350
SUN-B04,543,1,1351
SUN-B05,544,2,1352
SUN-B06,545,1,1354
SUN-B07,546,1,1355
SUN-B08,547,2,1356
SUN-B09,548,1,1358
SUN-B10,549,1,1359
SUN-B11,550,2,1360
SUN-B12,551,1,1362
SUN-B13,552,1,1363
SUN-B14,553,2,1364
SUN-B15,554,1,1366
TEN-B01,555,1,1367
TEN-B02,556,1,1368
TEN-B03,557,1,1369
TEN-B04,558,1,1370
TEN-B05,559,0,1371
TEN-B06,560,0,1371
TUM-B01,561,2,1371
TUM-B02,562,2,1373
TUM-B03,563,3,1375
TUM-B04,564,3,1378
TUM-B05,565,2,1381
TUM-B06,566,3,1383
TUM-B07,567,3,1386
TUM-B08,568,2,1389
TUM-B09,569,2,1391
TUM-B10,570,2,1393
TUM-B11,571,2,1395
TUM-B12,572,2,1397
TUM-B13,573,2,1399
TUM-B14,574,2,1401
TUM-B15,575,1,1403
TUM-B16,576,4,1404
TUM-B17,577,2,1408
TUM-B18,578,1,1410
VIC-B01,579,2,1411
VIC-B02,580,2,1413
VIC-B03,581,2,1415
VIC-B04,582,1,1417
VIC-B05,583,2,1418
VIC-B06,584,1,1420
VIC-B07,585,2,1421
VIC-B08,586,2,1423
VIC-B09,587,2,1425
VIC-B10,588,1,1427
VIC-B11,589,2,1428
VIC-B12,590,1,1430
VIC-B13,591,1,1431
VIC-B14,592,2,1432
VIC-B15,593,1,1434
VIN-B01,594,0,1435
VIN-B02,595,0,1435
VIN-B03,596,1,1435
VIN-B04,597,1,1436
VIN-B05,598,0,1437
VIN-B06,599,0,1437
VIN-B07,600,0,1437
VIN-B08,601,0,1437
VIN-B09,602,0,1437
VIN-B10,603,0,1437
VIN-B11,604,0,1437
VIN-B12,605,0,1437
VIN-B13,606,0,1437
VIN-B14,607,0,1437
VIN-B15,608,0,1437
VIN-B16,609,0,1437
VIN-B17,610,0,1437
VIN-B18,611,0,1437
VIN-B19,612,0,1437
VIN-B20,613,0,1437
VIQ-B01,614,1,1437
VIQ-B02,615,2,1438
VIQ-B03,616,1,1440
VIQ-B04,617,1,1441
VIQ-B05,618,2,1442
VIQ-B06,619,1,1444
VIQ-B07,620,2,1445
VIQ-B08,621,2,1447
VIQ-B09,622,2,1449
VIQ-B10,623,2,1451
VIQ-B11,624,2,1453
VIQ-B12,625,2,1455
VIQ-B13,626,1,1457
VIQ-B14,627,2,1458
VIQ-B15,628,1,1460
VIS-B01,629,0,1461
VIS-B02,630,0,1461
VIS-B03,631,0,1461
VIS-B04,632,0,1461
VIS-B05,633,0,1461
VIS-B06,634,2,1461
VIS-B07,635,5,1463
VIS-B08,636,3,1468
VIS-B09,637,3,1471
VIS-B10,638,3,1474
VIS-B11,639,2,1477
VIS-B12,640,2,1479
VIS-B13,641,2,1481
VIS-B14,642,2,1483
VIS-B15,643,2,1485
VIS-B16,644,1,1487
VIS-B17,645,2,1488
VIS-B18,646,1,1490
VIS-B19,647,0,1491
VIS-B20,648,1,1491
VIS-B21,649,1,1492
VIS-B22,650,4,1493
VIS-B23,651,3,1497
VIS-B24,652,3,1500
VIS-B25,653,2,1503
VIS-B26,654,3,1505
VIS-B27,655,2,1508
VIS-B28,656,2,1510
VIS-B29,657,3,1512
VIS-B30,658,5,1515
VIS-B31,659,5,1520
VIS-B32,660,2,1525
VIS-B33,661,4,1527
VIS-B34,662,4,1531
VIS-B35,663,2,1535
VIS-B36,664,3,1537
VIS-B37,665,3,1540
VIS-B38,666,2,1543
VIS-B39,667,2,1545
VIS-B40,668,0,1547
VIS-B41,669,0,1547
VIS-B42,670,0,1547
VIS-B43,671,0,1547
VIS-B44,672,0,1547
VIS-B45,673,2,1547
VIS-B46,674,1,1549
VIS-B47,675,2,1550
VIS-B48,676,2,1552
VIS-B49,677,1,1554
VIV-B01,678,1,1555
VIV-B02,679,2,1556
VIV-B03,680,1,1558
VIV-B04,681,2,1559
VIV-B05,682,1,1561
VIV-B06,683,1,1562
VIV-B07,684,2,1563
VIV-B08,685,2,1565
VIV-B09,686,2,1567
VIV-B10,687,1,1569
VIV-B11,688,2,1570
VIV-B12,689,1,1572
WAL-B01,690,0,1573
WAL-B02,691,0,1573
WAL-B03,692,0,1573
WAL-B04,693,0,1573
WAL-B05,694,2,1573
WAL-B06,695,0,1575
WAL-B07,696,0,1575
WAL-B08,697,0,1575
WAL-B09,698,0,1575
WAL-B10,699,1,1575
WAL-B11,700,2,1576
WAL-B12,701,1,1578
WAL-B13,702,2,1579
WAL-B14,703,2,1581
WAL-B15,704,1,1583
WAL-B16,705,1,1584
WAL-B17,706,1,1585
WAL-B18,707,0,1586
WAL-B19,708,0,1586
WAL-B20,709,0,1586
WAL-B21,710,1,1586
YUC-B01,711,1,1587
YUC-B02,712,2,1588
YUC-B03,713,1,1590
